[{"id": 0, "img_name": "001.png", "width": 1980, "height": 1480, "position": [-0.41556908540042414, -1.9944405428767766, -0.8758058686692926], "rotation": [[0.9892628651717537, 0.020594042450279133, -0.14468886967465308], [-0.014125894382166984, 0.9988603610437436, 0.04558989190013326], [0.1454628567713302, -0.04305652739269707, 0.9884263719411807]], "fy": 1563.422045203245, "fx": 1563.422045203245, "cy": 740.0, "cx": 990.0}, {"id": 1, "img_name": "002.png", "width": 1980, "height": 1480, "position": [-0.3800411209419455, -0.7344561042494337, -0.7305475922238112], "rotation": [[0.9897069135709098, 0.002776375413018751, -0.14308220353876877], [-0.018162676408939434, 0.9941637866648979, -0.10634134882432014], [0.14195190176819691, 0.10784552389263806, 0.9839811992923008]], "fy": 1560.033660749025, "fx": 1560.0336607490258, "cy": 740.0, "cx": 990.0}, {"id": 2, "img_name": "003.png", "width": 1980, "height": 1480, "position": [-0.36542772031919774, 1.2076581315878412, -0.3866288918654881], "rotation": [[0.9899011719543699, -0.02977496540450297, -0.13859697398762266], [-0.005669531776417059, 0.9685952738289695, -0.24857806002465233], [0.1416457771089604, 0.2468534928886851, 0.9586447866002583]], "fy": 1563.8613088662453, "fx": 1563.8613088662453, "cy": 740.0, "cx": 990.0}, {"id": 3, "img_name": "004.png", "width": 1980, "height": 1480, "position": [0.24360392261671115, 2.897934363795845, -0.526827274989616], "rotation": [[0.9883804547047916, -0.027385249634660106, -0.14951295883633853], [-0.020278920797729624, 0.9510856687079594, -0.30826095463034753], [0.1506414356305353, 0.30771106395575243, 0.9394791423924163]], "fy": 1568.0926824677592, "fx": 1568.092682467759, "cy": 740.0, "cx": 990.0}, {"id": 4, "img_name": "005.png", "width": 1980, "height": 1480, "position": [1.5454204191533185, 3.750542423484235, -0.13019113454676798], "rotation": [[0.9714023140882657, 0.004949474327464927, -0.2373879670241186], [-0.07868185561205918, 0.9500037105962247, -0.30216239913471654], [0.22402390448656442, 0.31219937949535786, 0.9232252366900008]], "fy": 1571.716568211559, "fx": 1571.716568211559, "cy": 740.0, "cx": 990.0}, {"id": 5, "img_name": "006.png", "width": 1980, "height": 1480, "position": [3.2017143003704285, 3.010234410147375, 0.37332941163948424], "rotation": [[0.9470288762148187, -0.014620667527293713, -0.3208154355643662], [-0.057708401197051375, 0.9749551683097628, -0.21478398501136448], [0.31592095221206484, 0.22192038182000817, 0.9224669620567906]], "fy": 1549.4161354392436, "fx": 1549.4161354392438, "cy": 740.0, "cx": 990.0}, {"id": 6, "img_name": "007.png", "width": 1980, "height": 1480, "position": [3.760486053256792, 0.39286201390212117, -0.04001475744771655], "rotation": [[0.9250403190590943, -0.046120734094863024, -0.37705873017555214], [0.04413229891189369, 0.9989287679530138, -0.013916060815665569], [0.3772966317207195, -0.0037675512504775003, 0.9260848002476743]], "fy": 1568.8721938558454, "fx": 1568.8721938558456, "cy": 740.0, "cx": 990.0}, {"id": 7, "img_name": "008.png", "width": 1980, "height": 1480, "position": [3.1551299746091885, -1.9026701448137244, -0.024868338463650833], "rotation": [[0.9439840234423783, 0.024493759776859893, -0.32908087033058153], [0.024272090699573902, 0.9893864660930617, 0.14326648709644113], [0.3290972942742179, -0.14322875564591264, 0.9333705022430869]], "fy": 1573.7418623775707, "fx": 1573.7418623775704, "cy": 740.0, "cx": 990.0}, {"id": 8, "img_name": "009.png", "width": 1980, "height": 1480, "position": [2.0705725123562932, -3.487558296159485, -0.3298695667622608], "rotation": [[0.970385517672421, 0.01273900167043702, -0.24122534055954437], [0.04742771657342797, 0.96912436379741, 0.24196813673476958], [0.2368597871996387, -0.24624314270798717, 0.9398200656918514]], "fy": 1557.513897394576, "fx": 1557.5138973945757, "cy": 740.0, "cx": 990.0}, {"id": 9, "img_name": "010.png", "width": 1980, "height": 1480, "position": [0.3310656791442267, -4.47827916687958, 0.24280289055544013], "rotation": [[0.985964908047511, 0.030318827090991228, -0.16417663908939675], [0.019802084611534883, 0.9551934251866899, 0.2953191458831567], [0.16577417634813052, -0.2944253542138418, 0.9411868216524033]], "fy": 1552.6903909901835, "fx": 1552.6903909901835, "cy": 740.0, "cx": 990.0}, {"id": 10, "img_name": "011.png", "width": 1980, "height": 1480, "position": [-2.5199174360776113, -4.790086641087406, -0.3043516361738356], "rotation": [[0.9977267977694686, 0.03198544017512638, -0.059314152016915624], [-0.0133652406807817, 0.9566167183340603, 0.2910426507323595], [0.06605003674659948, -0.2895883040120523, 0.9548696281824005]], "fy": 1562.1923950827286, "fx": 1562.1923950827286, "cy": 740.0, "cx": 990.0}, {"id": 11, "img_name": "012.png", "width": 1980, "height": 1480, "position": [-2.9422776621750235, -2.945408647521826, -0.6766563458864242], "rotation": [[0.9962488076356694, 0.04722275459820616, -0.07251430708945912], [-0.03682118093539688, 0.9896617440484103, 0.1386139711630164], [0.07831036916673006, -0.1354239410710543, 0.9876881300621942]], "fy": 1552.446475936341, "fx": 1552.446475936341, "cy": 740.0, "cx": 990.0}, {"id": 12, "img_name": "013.png", "width": 1980, "height": 1480, "position": [-3.094909354711193, -1.0113942800427347, -0.963259689288993], "rotation": [[0.9976237759623962, 0.05118754493405138, -0.04611547330512247], [-0.05032443534065928, 0.9985388588323059, 0.019687524210018802], [0.04705584811874923, -0.01732000708720251, 0.9987420910887477]], "fy": 1560.8397228543222, "fx": 1560.8397228543217, "cy": 740.0, "cx": 990.0}, {"id": 13, "img_name": "014.png", "width": 1980, "height": 1480, "position": [-3.057893719275213, 0.9745922519732686, -0.6127428779469826], "rotation": [[0.9943194375773416, 0.07361004292457135, -0.07687924060838425], [-0.08704326661033851, 0.9780505815850769, -0.18931595178139174], [0.06125623065191494, 0.19493235093676853, 0.9789019627953476]], "fy": 1553.3715455927347, "fx": 1553.3715455927347, "cy": 740.0, "cx": 990.0}, {"id": 14, "img_name": "015.png", "width": 1980, "height": 1480, "position": [-2.394231667114674, 2.448440562134299, -0.6710644489311804], "rotation": [[0.9907740425480991, 0.08411283968741703, -0.10626300773371823], [-0.11162283323786294, 0.9511427479979713, -0.28786770577961657], [0.076857918998953, 0.2970732285659322, 0.9517564589518496]], "fy": 1553.1839501636325, "fx": 1553.183950163633, "cy": 740.0, "cx": 990.0}, {"id": 15, "img_name": "016.png", "width": 1980, "height": 1480, "position": [-1.4415880340625933, 3.9844567572003227, 0.1860335970315439], "rotation": [[0.9926325226549013, 0.0007073578791036688, -0.12116177042531925], [-0.04827567594489282, 0.9194907160525266, -0.3901362354425378], [0.11113115710650454, 0.39311108193237493, 0.9127505372127298]], "fy": 1567.7619816043782, "fx": 1567.7619816043784, "cy": 740.0, "cx": 990.0}, {"id": 16, "img_name": "017.png", "width": 1980, "height": 1480, "position": [-0.35923811835012714, 4.7000015956032435, 0.6193475527231944], "rotation": [[0.9913796784980156, -0.04951138481168126, -0.1213052176750911], [-0.012193055400306282, 0.8869680225868852, -0.4616698563999121], [0.13045176296691693, 0.4591691950494283, 0.878718378012252]], "fy": 1560.3098874664868, "fx": 1560.3098874664868, "cy": 740.0, "cx": 990.0}, {"id": 17, "img_name": "018.png", "width": 1980, "height": 1480, "position": [1.4673203665543213, 4.551518067017912, 0.9716372333650594], "rotation": [[0.977300899107223, -0.013942472928152526, -0.21139668884081675], [-0.08623043124266726, 0.8852586869523145, -0.4570354142768015], [0.1935129590800497, 0.4648899489385759, 0.8639618452477927]], "fy": 1560.135196964174, "fx": 1560.1351969641737, "cy": 740.0, "cx": 990.0}, {"id": 18, "img_name": "019.png", "width": 1980, "height": 1480, "position": [2.6120704485549955, 3.70127133196325, 1.1070892197858215], "rotation": [[0.9537776661645596, -0.02740616371050413, -0.29926086566131405], [-0.09266688766983718, 0.9204827886536834, -0.37963704208351995], [0.2858688710847541, 0.3898209050102516, 0.8753962820127331]], "fy": 1573.7138839295465, "fx": 1573.713883929546, "cy": 740.0, "cx": 990.0}, {"id": 19, "img_name": "020.png", "width": 1980, "height": 1480, "position": [2.5086276908174616, 1.873213099432648, 0.3806970635530847], "rotation": [[0.9676605109926727, -0.0010838566511472431, -0.2522537625490631], [-0.06620483345388214, 0.9638452540328518, -0.25810704427754594], [0.24341334288149263, 0.26646041269409443, 0.932603234486215]], "fy": 1571.1725587033643, "fx": 1571.172558703364, "cy": 740.0, "cx": 990.0}, {"id": 20, "img_name": "021.png", "width": 1980, "height": 1480, "position": [1.6928834764598557, 0.5588625333602433, 0.1600430693303316], "rotation": [[0.9773896585052828, 0.004273455068889936, -0.21140291632023708], [-0.029205612453075756, 0.992941194197015, -0.11495571785625418], [0.20941940609257714, 0.11853068146425275, 0.9706152635846256]], "fy": 1568.9351036733244, "fx": 1568.9351036733244, "cy": 740.0, "cx": 990.0}, {"id": 21, "img_name": "022.png", "width": 1980, "height": 1480, "position": [0.4295348224499005, -0.4860298387597661, -0.5259061790123181], "rotation": [[0.9938940742816651, 0.008901509474463918, -0.10997878084825337], [-0.014959654757770611, 0.9984080833227302, -0.05438297422319601], [0.1093196132325779, 0.05569616041441744, 0.9924450412379374]], "fy": 1562.8970384339482, "fx": 1562.8970384339482, "cy": 740.0, "cx": 990.0}, {"id": 22, "img_name": "023.png", "width": 1980, "height": 1480, "position": [-0.75698703681691, -0.6847343244245773, -0.8356072521621317], "rotation": [[0.9958467235942561, -7.718881148099736e-06, -0.09104560970746632], [-0.0028073083729639177, 0.9995219095985578, -0.03079076569608669], [0.09100231934563259, 0.030918476237859722, 0.9953705971651186]], "fy": 1561.7356987046637, "fx": 1561.7356987046635, "cy": 740.0, "cx": 990.0}, {"id": 23, "img_name": "024.png", "width": 1980, "height": 1480, "position": [-2.0770279589126237, -0.8193240613094291, -1.2572823381054774], "rotation": [[0.9967385838879149, -0.009311478819815283, -0.0801591651110614], [0.00773345315690136, 0.9997705871244676, -0.019974153876129157], [0.08032676447725431, 0.019289102700369567, 0.9965819291085055]], "fy": 1561.9841411177022, "fx": 1561.984141117702, "cy": 740.0, "cx": 990.0}, {"id": 24, "img_name": "025.png", "width": 1980, "height": 1480, "position": [-1.841458465920255, -2.5093180759523785, -0.6571603530147625], "rotation": [[0.9924242157164517, 0.008249662570134304, -0.12258107165082588], [0.008187662065042883, 0.9910839042199765, 0.132987431684342], [0.12258522851263375, -0.13298359997972606, 0.983508120905434]], "fy": 1568.8623608811324, "fx": 1568.8623608811326, "cy": 740.0, "cx": 990.0}, {"id": 25, "img_name": "027.png", "width": 1980, "height": 1480, "position": [-0.1855095265298141, -4.163775532160316, 0.6094926420914645], "rotation": [[0.981886987313695, 0.010701555667610498, -0.1891650624463424], [0.05076234726727593, 0.9470441332643382, 0.31706559849582355], [0.18254075776097806, -0.320925047878615, 0.9293470747789312]], "fy": 1561.6648193401788, "fx": 1561.6648193401793, "cy": 740.0, "cx": 990.0}, {"id": 26, "img_name": "028.png", "width": 1980, "height": 1480, "position": [1.2693791018362834, -4.0132144210380245, 1.1363871850250413], "rotation": [[0.9629539029668707, -0.10715494336274793, -0.24746231808862765], [0.17562473666587658, 0.9455678713555619, 0.27396596965892167], [0.20463560939365452, -0.30727710421220444, 0.9293573309524434]], "fy": 1571.3538296591717, "fx": 1571.3538296591714, "cy": 740.0, "cx": 990.0}, {"id": 27, "img_name": "029.png", "width": 1980, "height": 1480, "position": [2.3079629886133866, -2.9413920635970285, 1.1628872000711346], "rotation": [[0.9421263610151995, -0.03963299041624551, -0.3329071130975181], [0.11259922795893088, 0.9727138071862085, 0.2028528115959058], [0.3157836818825676, -0.2285980651273696, 0.9208819635961562]], "fy": 1560.8000864063301, "fx": 1560.8000864063306, "cy": 740.0, "cx": 990.0}, {"id": 28, "img_name": "030.png", "width": 1980, "height": 1480, "position": [2.5784614470081464, -1.4391432857390494, 1.0020632574825816], "rotation": [[0.9268015982471416, 0.06359800621331445, -0.37012712828464117], [-0.036541410601420646, 0.9961516066334769, 0.0796661905252215], [0.3737693443793944, -0.060309785335662815, 0.9255588619828369]], "fy": 1567.2027521129278, "fx": 1567.2027521129278, "cy": 740.0, "cx": 990.0}, {"id": 29, "img_name": "031.png", "width": 1980, "height": 1480, "position": [-0.3197353236684856, -1.1100314307046277, -0.33648647315609853], "rotation": [[0.9921602629631538, 0.023365201472033418, -0.1227683996680603], [-0.021347466336822208, 0.9996149769171929, 0.017725225071576728], [0.12313528445528334, -0.014965469688957202, 0.9922770462119465]], "fy": 1567.7037530432176, "fx": 1567.7037530432174, "cy": 740.0, "cx": 990.0}]